12189,10
13125,10
33352,10
35180,10
164,9
199,9
437,9
1575,9
2904,9
4181,9
5114,9
12355,9
16067,9
21647,9
22535,9
23273,9
28223,9
28851,9
30654,9
31646,9
32182,9
32281,9
33486,9
34599,9
34822,9
35677,9
35760,9
35839,9
35851,9
36649,9
37510,9
37521,9
37779,9
38329,9
38524,9
38680,9
39198,9
40417,9
1,8
30,8
32,8
43,8
47,8
249,8
578,8
1482,8
1535,8
1604,8
1689,8
1735,8
1887,8
2246,8
3588,8
4224,8
6045,8
6547,8
6586,8
6811,8
9656,8
9760,8
9989,8
10408,8
12531,8
13601,8
13759,8
14075,8
14713,8
14813,8
15227,8
16049,8
16498,8
16782,8
18139,8
18153,8
18397,8
19815,8
20507,8
20853,8
21995,8
22789,8
23289,8
24833,8
25013,8
25681,8
25777,8
25781,8
27775,8
27989,8
28297,8
28675,8
28805,8
28825,8
30123,8
30276,8
30370,8
30503,8
30831,8
31173,8
31240,8
31245,8
31414,8
31988,8
32867,8
32935,8
32937,8
33255,8
34612,8
35120,8
35968,8
36098,8
36220,8
37095,8
37999,8
38000,8
38080,8
38408,8
38594,8
38826,8
38889,8
39195,8
39533,8
39547,8
39587,8
40052,8
40591,8
121,7
122,7
269,7
322,7
431,7
512,7
523,7
1889,7
2167,7
2236,7
2890,7
2923,7
4059,7
6213,7
6702,7
7054,7
8516,7
9441,7
9513,7
10029,7
10321,7
10460,7
10793,7
11499,7
11739,7
11759,7
11843,7
11887,7
12711,7
13469,7
14467,7
14513,7
14741,7
15039,7
15809,7
16001,7
16417,7
16742,7
16870,7
17121,7
18115,7
20457,7
20583,7
20787,7
21439,7
21557,7
22043,7
22147,7
22319,7
23283,7
23847,7
28171,7
28623,7
28677,7
28891,7
28999,7
30015,7
30296,7
31043,7
31178,7
31478,7
31483,7
31580,7
31964,7
32370,7
32542,7
32648,7
32949,7
32998,7
33206,7
33253,7
34012,7
34437,7
34542,7
34902,7
35062,7
35222,7
35466,7
35507,7
35790,7
35848,7
35928,7
35972,7
36106,7
36456,7
36470,7
37105,7
37141,7
37450,7
38003,7
38101,7
38816,7
38883,7
39565,7
39741,7
40776,7
41168,7
41389,7
20,6
74,6
79,6
170,6
433,6
853,6
934,6
2034,6
2472,6
3455,6
3470,6
3731,6
4437,6
4551,6
5112,6
5262,6
6325,6
6347,6
6351,6
6747,6
6880,6
8246,6
9919,6
10589,6
11111,6
11433,6
11737,6
11757,6
11771,6
12291,6
12467,6
13535,6
13667,6
14227,6
14289,6
14345,6
16011,6
16592,6
16894,6
18277,6
18671,6
18897,6
20785,6
21563,6
23673,6
23755,6
24231,6
24415,6
26243,6
27787,6
28927,6
31798,6
32105,6
32729,6
32899,6
33036,6
33286,6
33299,6
33487,6
33502,6
33506,6
34134,6
34618,6
35363,6
35376,6
35849,6
36896,6
37086,6
37349,6
38656,6
38671,6
38735,6
39017,6
40262,6
40602,6
40839,6
40956,6
41468,6
226,5
687,5
1195,5
1840,5
2404,5
2993,5
3457,5
3712,5
4214,5
4722,5
4752,5
6682,5
6895,5
7724,5
8536,5
9065,5
10620,5
11319,5
11703,5
12293,5
12461,5
12549,5
13115,5
13161,5
14645,5
15583,5
18095,5
21353,5
21507,5
22687,5
25157,5
25397,5
25839,5
27899,5
29758,5
29976,5
30544,5
31430,5
31442,5
31452,5
31710,5
31737,5
32189,5
32601,5
32995,5
33028,5
33203,5
33419,5
34933,5
36039,5
36511,5
36871,5
37345,5
37799,5
38572,5
38663,5
38778,5
41120,5
6205,4
7817,4
8074,4
8560,4
9041,4
10490,4
12967,4
13659,4
13833,4
15605,4
15895,4
19429,4
19575,4
21773,4
21781,4
21881,4
30240,4
30363,4
32086,4
32901,4
33056,4
33743,4
34048,4
34383,4
34934,4
37744,4
2476,3
8769,3
15037,3
17513,3
18247,3
22199,3
23233,3
29974,3
31109,3
33113,3
37823,3
37982,3
15085,2
34498,2
2981,1
19315,1
