41380
36793
37956
39783
32977
34881
42847
101
22729
27655
34350
32828
8676
11235
28391
30205
38753
7647
9074
36882
40507
28249
31821
40128
36214
37171
32827
37525
2251
5081
34636
40935
36516
31904
1498
68
34572
889
1519
22547
11633
150
33985
41587
10719
37828
21405
37451
22433
10163
5356
37435
10578
30485
10800
14397
37379
8142
25731
20031
61
16355
2025
6573
34497
40056
31163
21743
38668
37520
30346
38691
40852
23333
31339
39026
28121
32887
37347
40454
37348
27833
23199
27831
4789
2924
39792
790
7465
38853
34662
38084
40206
356
22297
28701
10087
11741
227
33010
120
41025
24765
34280
25183
18229
28907
31637
41710
40074
16918
19363
40421
23079
39463
27631
21431
17895
8425
34279
17729
29095
134
10271
3002
16
31859
33378
35228
35889
34972
16528
20689
9289
41911
37517
39586
15225
8630
28883
10604
5630
21877
39570
36296
33421
33241
42897
256
35557
8277
40046
35413
15059
22507
25159
11013
37497
37210
41623
21327
40530
34565
31405
40787
35639
953
5680
9617
7791
27991
16664
43608
43609
37981
36754
40716
40221
8525
10080
16706
16009
10568
19685
5205
35860
38993
16035
6594
37965
1691
39567
24439
34451
36407
34501
40456
17741
33218
40595
41379
486
35079
37475
5678
39247
40075
12175
41103
34984
36548
28725
31952
38040
8841
10790
15379
237
34544
34712
25283
37458
25015
10456
13655
18195
33489
17265
23321
41109
17247
24455
36862
31741
25517
9756
40497
21863
40496
14833
34541
10397
10721
10110
7590
11761
14527
36563
21603
20541
585
36936
8424
15315
17074
9181
323
457
21939
24701
34577
39701
31722
30016
4081
32983
34591
10379
11665
31764
15689
36038
10165
11597
33674
10161
21177
23623
10049
32962
11933
39753
2966
5341
14749
38483
35484
38555
8476
19369
29803
35073
37675
31181
35247
11179
1943
37598
5682
36652
35240
23281
39491
32360
33926
6114
14921
23421
34561
42203
38992
28497
32951
1699
21561
30727
36885
38249
12477
34494
34102
35994
22663
1827
22877
8675
20847
4063
5277
1033
31229
18119
355
2787
6773
42205
29786
38659
21843
30736
7662
2596
25835
40902
32282
35788
36949
39940
35838
28735
33433
19775
35759
24893
42923
9863
39569
22101
38331
30484
28621
5681
7311
849
4382
31765
36474
39597
40540
30911
34086
32093
12445
40356
40357
2001
513
43690
37430
39551
41487
41353
13663
28979
38480
38481
4654
8937
36432
8449
759
6211
38917
6
2129
177
39469
28025
12431
32673
10798
7058
10162
2753
35645
39799
8422
37987
18245
21085
6956
25879
31715
10521
33094
41094
861
39617
39710
32615
35220
30740
34798
40911
11837
16005
5300
37976
40174
